{
 "cells": [
  {
   "cell_type": "markdown",
   "metadata": {},
   "source": [
    "# Pratique: Exploration de modele "
   ]
  },
  {
   "cell_type": "code",
   "execution_count": 1,
   "metadata": {
    "collapsed": false
   },
   "outputs": [],
   "source": [
    "#utilisation d'un rapport de sortie\n",
    "report = open('report.txt', 'w')\n",
    "#print('resultat intermediaire', file=report)"
   ]
  },
  {
   "cell_type": "markdown",
   "metadata": {},
   "source": [
    "* chargement du dataset"
   ]
  },
  {
   "cell_type": "code",
   "execution_count": 2,
   "metadata": {
    "collapsed": true
   },
   "outputs": [],
   "source": [
    "import pandas as pd # conventional alias\n",
    "from sklearn.datasets import load_boston\n",
    "\n",
    "dataset = load_boston()\n",
    "df = pd.DataFrame(dataset.data, columns=dataset.feature_names)\n",
    "df['target'] = dataset.target"
   ]
  },
  {
   "cell_type": "markdown",
   "metadata": {},
   "source": [
    "* Decsription du dataset"
   ]
  },
  {
   "cell_type": "code",
   "execution_count": 4,
   "metadata": {
    "collapsed": false
   },
   "outputs": [
    {
     "data": {
      "text/plain": [
       "(506, 14)"
      ]
     },
     "execution_count": 4,
     "metadata": {},
     "output_type": "execute_result"
    }
   ],
   "source": [
    "#shape\n",
    "df.shape"
   ]
  },
  {
   "cell_type": "code",
   "execution_count": 12,
   "metadata": {
    "collapsed": false
   },
   "outputs": [
    {
     "name": "stdout",
     "output_type": "stream",
     "text": [
      "data\n",
      "      CRIM    ZN  INDUS  CHAS    NOX     RM    AGE     DIS  RAD    TAX  \\\n",
      "1  0.02731   0.0   7.07   0.0  0.469  6.421   78.9  4.9671  2.0  242.0   \n",
      "2  0.02729   0.0   7.07   0.0  0.469  7.185   61.1  4.9671  2.0  242.0   \n",
      "3  0.03237   0.0   2.18   0.0  0.458  6.998   45.8  6.0622  3.0  222.0   \n",
      "4  0.06905   0.0   2.18   0.0  0.458  7.147   54.2  6.0622  3.0  222.0   \n",
      "5  0.02985   0.0   2.18   0.0  0.458  6.430   58.7  6.0622  3.0  222.0   \n",
      "6  0.08829  12.5   7.87   0.0  0.524  6.012   66.6  5.5605  5.0  311.0   \n",
      "7  0.14455  12.5   7.87   0.0  0.524  6.172   96.1  5.9505  5.0  311.0   \n",
      "8  0.21124  12.5   7.87   0.0  0.524  5.631  100.0  6.0821  5.0  311.0   \n",
      "9  0.17004  12.5   7.87   0.0  0.524  6.004   85.9  6.5921  5.0  311.0   \n",
      "\n",
      "   PTRATIO       B  LSTAT  target  \n",
      "1     17.8  396.90   9.14    21.6  \n",
      "2     17.8  392.83   4.03    34.7  \n",
      "3     18.7  394.63   2.94    33.4  \n",
      "4     18.7  396.90   5.33    36.2  \n",
      "5     18.7  394.12   5.21    28.7  \n",
      "6     15.2  395.60  12.43    22.9  \n",
      "7     15.2  396.90  19.15    27.1  \n",
      "8     15.2  386.63  29.93    16.5  \n",
      "9     15.2  386.71  17.10    18.9  \n",
      "target\n"
     ]
    },
    {
     "data": {
      "text/plain": [
       "1    21.6\n",
       "2    34.7\n",
       "3    33.4\n",
       "4    36.2\n",
       "5    28.7\n",
       "6    22.9\n",
       "7    27.1\n",
       "8    16.5\n",
       "9    18.9\n",
       "Name: target, dtype: float64"
      ]
     },
     "execution_count": 12,
     "metadata": {},
     "output_type": "execute_result"
    }
   ],
   "source": [
    "# caracteristiques\n",
    "print \"data\"\n",
    "print df[1:10]\n",
    "print \"target\"\n",
    "df.target[1:10,]"
   ]
  },
  {
   "cell_type": "code",
   "execution_count": 11,
   "metadata": {
    "collapsed": true
   },
   "outputs": [],
   "source": [
    "# Distributions des attributs\n",
    "# function df.describe() , df.count(), df.min(), df.max(), df.median(), df.quantile(q)"
   ]
  },
  {
   "cell_type": "code",
   "execution_count": 13,
   "metadata": {
    "collapsed": false
   },
   "outputs": [
    {
     "data": {
      "text/html": [
       "<div>\n",
       "<table border=\"1\" class=\"dataframe\">\n",
       "  <thead>\n",
       "    <tr style=\"text-align: right;\">\n",
       "      <th></th>\n",
       "      <th>CRIM</th>\n",
       "      <th>ZN</th>\n",
       "      <th>INDUS</th>\n",
       "      <th>CHAS</th>\n",
       "      <th>NOX</th>\n",
       "      <th>RM</th>\n",
       "      <th>AGE</th>\n",
       "      <th>DIS</th>\n",
       "      <th>RAD</th>\n",
       "      <th>TAX</th>\n",
       "      <th>PTRATIO</th>\n",
       "      <th>B</th>\n",
       "      <th>LSTAT</th>\n",
       "      <th>target</th>\n",
       "    </tr>\n",
       "  </thead>\n",
       "  <tbody>\n",
       "    <tr>\n",
       "      <th>count</th>\n",
       "      <td>506.000000</td>\n",
       "      <td>506.000000</td>\n",
       "      <td>506.000000</td>\n",
       "      <td>506.000000</td>\n",
       "      <td>506.000000</td>\n",
       "      <td>506.000000</td>\n",
       "      <td>506.000000</td>\n",
       "      <td>506.000000</td>\n",
       "      <td>506.000000</td>\n",
       "      <td>506.000000</td>\n",
       "      <td>506.000000</td>\n",
       "      <td>506.000000</td>\n",
       "      <td>506.000000</td>\n",
       "      <td>506.000000</td>\n",
       "    </tr>\n",
       "    <tr>\n",
       "      <th>mean</th>\n",
       "      <td>3.593761</td>\n",
       "      <td>11.363636</td>\n",
       "      <td>11.136779</td>\n",
       "      <td>0.069170</td>\n",
       "      <td>0.554695</td>\n",
       "      <td>6.284634</td>\n",
       "      <td>68.574901</td>\n",
       "      <td>3.795043</td>\n",
       "      <td>9.549407</td>\n",
       "      <td>408.237154</td>\n",
       "      <td>18.455534</td>\n",
       "      <td>356.674032</td>\n",
       "      <td>12.653063</td>\n",
       "      <td>22.532806</td>\n",
       "    </tr>\n",
       "    <tr>\n",
       "      <th>std</th>\n",
       "      <td>8.596783</td>\n",
       "      <td>23.322453</td>\n",
       "      <td>6.860353</td>\n",
       "      <td>0.253994</td>\n",
       "      <td>0.115878</td>\n",
       "      <td>0.702617</td>\n",
       "      <td>28.148861</td>\n",
       "      <td>2.105710</td>\n",
       "      <td>8.707259</td>\n",
       "      <td>168.537116</td>\n",
       "      <td>2.164946</td>\n",
       "      <td>91.294864</td>\n",
       "      <td>7.141062</td>\n",
       "      <td>9.197104</td>\n",
       "    </tr>\n",
       "    <tr>\n",
       "      <th>min</th>\n",
       "      <td>0.006320</td>\n",
       "      <td>0.000000</td>\n",
       "      <td>0.460000</td>\n",
       "      <td>0.000000</td>\n",
       "      <td>0.385000</td>\n",
       "      <td>3.561000</td>\n",
       "      <td>2.900000</td>\n",
       "      <td>1.129600</td>\n",
       "      <td>1.000000</td>\n",
       "      <td>187.000000</td>\n",
       "      <td>12.600000</td>\n",
       "      <td>0.320000</td>\n",
       "      <td>1.730000</td>\n",
       "      <td>5.000000</td>\n",
       "    </tr>\n",
       "    <tr>\n",
       "      <th>25%</th>\n",
       "      <td>0.082045</td>\n",
       "      <td>0.000000</td>\n",
       "      <td>5.190000</td>\n",
       "      <td>0.000000</td>\n",
       "      <td>0.449000</td>\n",
       "      <td>5.885500</td>\n",
       "      <td>45.025000</td>\n",
       "      <td>2.100175</td>\n",
       "      <td>4.000000</td>\n",
       "      <td>279.000000</td>\n",
       "      <td>17.400000</td>\n",
       "      <td>375.377500</td>\n",
       "      <td>6.950000</td>\n",
       "      <td>17.025000</td>\n",
       "    </tr>\n",
       "    <tr>\n",
       "      <th>50%</th>\n",
       "      <td>0.256510</td>\n",
       "      <td>0.000000</td>\n",
       "      <td>9.690000</td>\n",
       "      <td>0.000000</td>\n",
       "      <td>0.538000</td>\n",
       "      <td>6.208500</td>\n",
       "      <td>77.500000</td>\n",
       "      <td>3.207450</td>\n",
       "      <td>5.000000</td>\n",
       "      <td>330.000000</td>\n",
       "      <td>19.050000</td>\n",
       "      <td>391.440000</td>\n",
       "      <td>11.360000</td>\n",
       "      <td>21.200000</td>\n",
       "    </tr>\n",
       "    <tr>\n",
       "      <th>75%</th>\n",
       "      <td>3.647423</td>\n",
       "      <td>12.500000</td>\n",
       "      <td>18.100000</td>\n",
       "      <td>0.000000</td>\n",
       "      <td>0.624000</td>\n",
       "      <td>6.623500</td>\n",
       "      <td>94.075000</td>\n",
       "      <td>5.188425</td>\n",
       "      <td>24.000000</td>\n",
       "      <td>666.000000</td>\n",
       "      <td>20.200000</td>\n",
       "      <td>396.225000</td>\n",
       "      <td>16.955000</td>\n",
       "      <td>25.000000</td>\n",
       "    </tr>\n",
       "    <tr>\n",
       "      <th>max</th>\n",
       "      <td>88.976200</td>\n",
       "      <td>100.000000</td>\n",
       "      <td>27.740000</td>\n",
       "      <td>1.000000</td>\n",
       "      <td>0.871000</td>\n",
       "      <td>8.780000</td>\n",
       "      <td>100.000000</td>\n",
       "      <td>12.126500</td>\n",
       "      <td>24.000000</td>\n",
       "      <td>711.000000</td>\n",
       "      <td>22.000000</td>\n",
       "      <td>396.900000</td>\n",
       "      <td>37.970000</td>\n",
       "      <td>50.000000</td>\n",
       "    </tr>\n",
       "  </tbody>\n",
       "</table>\n",
       "</div>"
      ],
      "text/plain": [
       "             CRIM          ZN       INDUS        CHAS         NOX          RM  \\\n",
       "count  506.000000  506.000000  506.000000  506.000000  506.000000  506.000000   \n",
       "mean     3.593761   11.363636   11.136779    0.069170    0.554695    6.284634   \n",
       "std      8.596783   23.322453    6.860353    0.253994    0.115878    0.702617   \n",
       "min      0.006320    0.000000    0.460000    0.000000    0.385000    3.561000   \n",
       "25%      0.082045    0.000000    5.190000    0.000000    0.449000    5.885500   \n",
       "50%      0.256510    0.000000    9.690000    0.000000    0.538000    6.208500   \n",
       "75%      3.647423   12.500000   18.100000    0.000000    0.624000    6.623500   \n",
       "max     88.976200  100.000000   27.740000    1.000000    0.871000    8.780000   \n",
       "\n",
       "              AGE         DIS         RAD         TAX     PTRATIO           B  \\\n",
       "count  506.000000  506.000000  506.000000  506.000000  506.000000  506.000000   \n",
       "mean    68.574901    3.795043    9.549407  408.237154   18.455534  356.674032   \n",
       "std     28.148861    2.105710    8.707259  168.537116    2.164946   91.294864   \n",
       "min      2.900000    1.129600    1.000000  187.000000   12.600000    0.320000   \n",
       "25%     45.025000    2.100175    4.000000  279.000000   17.400000  375.377500   \n",
       "50%     77.500000    3.207450    5.000000  330.000000   19.050000  391.440000   \n",
       "75%     94.075000    5.188425   24.000000  666.000000   20.200000  396.225000   \n",
       "max    100.000000   12.126500   24.000000  711.000000   22.000000  396.900000   \n",
       "\n",
       "            LSTAT      target  \n",
       "count  506.000000  506.000000  \n",
       "mean    12.653063   22.532806  \n",
       "std      7.141062    9.197104  \n",
       "min      1.730000    5.000000  \n",
       "25%      6.950000   17.025000  \n",
       "50%     11.360000   21.200000  \n",
       "75%     16.955000   25.000000  \n",
       "max     37.970000   50.000000  "
      ]
     },
     "execution_count": 13,
     "metadata": {},
     "output_type": "execute_result"
    }
   ],
   "source": [
    "df.describe()"
   ]
  },
  {
   "cell_type": "markdown",
   "metadata": {},
   "source": [
    "* Determiner les valeurs manquante"
   ]
  },
  {
   "cell_type": "code",
   "execution_count": 16,
   "metadata": {
    "collapsed": false
   },
   "outputs": [
    {
     "data": {
      "text/plain": [
       "CRIM       False\n",
       "ZN         False\n",
       "INDUS      False\n",
       "CHAS       False\n",
       "NOX        False\n",
       "RM         False\n",
       "AGE        False\n",
       "DIS        False\n",
       "RAD        False\n",
       "TAX        False\n",
       "PTRATIO    False\n",
       "B          False\n",
       "LSTAT      False\n",
       "target     False\n",
       "dtype: bool"
      ]
     },
     "execution_count": 16,
     "metadata": {},
     "output_type": "execute_result"
    }
   ],
   "source": [
    "# Valeurs manquantes\n",
    "# utiliser pd.isnull(df).any() et pd.isnull(df).sum()\n",
    "pd.isnull(df).any()"
   ]
  },
  {
   "cell_type": "markdown",
   "metadata": {},
   "source": [
    "# Correlations entre attributs"
   ]
  },
  {
   "cell_type": "markdown",
   "metadata": {},
   "source": [
    "* But: on essaye d'obtenir un ensemble de features independent les uns des autres\n",
    "* Dans le cas où l'on trouve de la dependance, on utiliser par exemple PCA-dimension reduction"
   ]
  },
  {
   "cell_type": "markdown",
   "metadata": {},
   "source": [
    "## Dans le module Panda, on dispose de\n",
    "* Coefficients de correlation Pearson\n",
    "* Spearman rank correlation\n",
    "* Kendall Tau coeeficient\n",
    "\n",
    "## Interprétation\n",
    "* valeur de 1: correlation totale\n",
    "* valeur -1: correlation négative\n",
    "* valeur 0: pas de correlation"
   ]
  },
  {
   "cell_type": "code",
   "execution_count": 15,
   "metadata": {
    "collapsed": false
   },
   "outputs": [
    {
     "data": {
      "text/html": [
       "<div>\n",
       "<table border=\"1\" class=\"dataframe\">\n",
       "  <thead>\n",
       "    <tr style=\"text-align: right;\">\n",
       "      <th></th>\n",
       "      <th>CRIM</th>\n",
       "      <th>ZN</th>\n",
       "      <th>INDUS</th>\n",
       "      <th>CHAS</th>\n",
       "      <th>NOX</th>\n",
       "      <th>RM</th>\n",
       "      <th>AGE</th>\n",
       "      <th>DIS</th>\n",
       "      <th>RAD</th>\n",
       "      <th>TAX</th>\n",
       "      <th>PTRATIO</th>\n",
       "      <th>B</th>\n",
       "      <th>LSTAT</th>\n",
       "      <th>target</th>\n",
       "    </tr>\n",
       "  </thead>\n",
       "  <tbody>\n",
       "    <tr>\n",
       "      <th>CRIM</th>\n",
       "      <td>1.000000</td>\n",
       "      <td>-0.199458</td>\n",
       "      <td>0.404471</td>\n",
       "      <td>-0.055295</td>\n",
       "      <td>0.417521</td>\n",
       "      <td>-0.219940</td>\n",
       "      <td>0.350784</td>\n",
       "      <td>-0.377904</td>\n",
       "      <td>0.622029</td>\n",
       "      <td>0.579564</td>\n",
       "      <td>0.288250</td>\n",
       "      <td>-0.377365</td>\n",
       "      <td>0.452220</td>\n",
       "      <td>-0.385832</td>\n",
       "    </tr>\n",
       "    <tr>\n",
       "      <th>ZN</th>\n",
       "      <td>-0.199458</td>\n",
       "      <td>1.000000</td>\n",
       "      <td>-0.533828</td>\n",
       "      <td>-0.042697</td>\n",
       "      <td>-0.516604</td>\n",
       "      <td>0.311991</td>\n",
       "      <td>-0.569537</td>\n",
       "      <td>0.664408</td>\n",
       "      <td>-0.311948</td>\n",
       "      <td>-0.314563</td>\n",
       "      <td>-0.391679</td>\n",
       "      <td>0.175520</td>\n",
       "      <td>-0.412995</td>\n",
       "      <td>0.360445</td>\n",
       "    </tr>\n",
       "    <tr>\n",
       "      <th>INDUS</th>\n",
       "      <td>0.404471</td>\n",
       "      <td>-0.533828</td>\n",
       "      <td>1.000000</td>\n",
       "      <td>0.062938</td>\n",
       "      <td>0.763651</td>\n",
       "      <td>-0.391676</td>\n",
       "      <td>0.644779</td>\n",
       "      <td>-0.708027</td>\n",
       "      <td>0.595129</td>\n",
       "      <td>0.720760</td>\n",
       "      <td>0.383248</td>\n",
       "      <td>-0.356977</td>\n",
       "      <td>0.603800</td>\n",
       "      <td>-0.483725</td>\n",
       "    </tr>\n",
       "    <tr>\n",
       "      <th>CHAS</th>\n",
       "      <td>-0.055295</td>\n",
       "      <td>-0.042697</td>\n",
       "      <td>0.062938</td>\n",
       "      <td>1.000000</td>\n",
       "      <td>0.091203</td>\n",
       "      <td>0.091251</td>\n",
       "      <td>0.086518</td>\n",
       "      <td>-0.099176</td>\n",
       "      <td>-0.007368</td>\n",
       "      <td>-0.035587</td>\n",
       "      <td>-0.121515</td>\n",
       "      <td>0.048788</td>\n",
       "      <td>-0.053929</td>\n",
       "      <td>0.175260</td>\n",
       "    </tr>\n",
       "    <tr>\n",
       "      <th>NOX</th>\n",
       "      <td>0.417521</td>\n",
       "      <td>-0.516604</td>\n",
       "      <td>0.763651</td>\n",
       "      <td>0.091203</td>\n",
       "      <td>1.000000</td>\n",
       "      <td>-0.302188</td>\n",
       "      <td>0.731470</td>\n",
       "      <td>-0.769230</td>\n",
       "      <td>0.611441</td>\n",
       "      <td>0.668023</td>\n",
       "      <td>0.188933</td>\n",
       "      <td>-0.380051</td>\n",
       "      <td>0.590879</td>\n",
       "      <td>-0.427321</td>\n",
       "    </tr>\n",
       "    <tr>\n",
       "      <th>RM</th>\n",
       "      <td>-0.219940</td>\n",
       "      <td>0.311991</td>\n",
       "      <td>-0.391676</td>\n",
       "      <td>0.091251</td>\n",
       "      <td>-0.302188</td>\n",
       "      <td>1.000000</td>\n",
       "      <td>-0.240265</td>\n",
       "      <td>0.205246</td>\n",
       "      <td>-0.209847</td>\n",
       "      <td>-0.292048</td>\n",
       "      <td>-0.355501</td>\n",
       "      <td>0.128069</td>\n",
       "      <td>-0.613808</td>\n",
       "      <td>0.695360</td>\n",
       "    </tr>\n",
       "    <tr>\n",
       "      <th>AGE</th>\n",
       "      <td>0.350784</td>\n",
       "      <td>-0.569537</td>\n",
       "      <td>0.644779</td>\n",
       "      <td>0.086518</td>\n",
       "      <td>0.731470</td>\n",
       "      <td>-0.240265</td>\n",
       "      <td>1.000000</td>\n",
       "      <td>-0.747881</td>\n",
       "      <td>0.456022</td>\n",
       "      <td>0.506456</td>\n",
       "      <td>0.261515</td>\n",
       "      <td>-0.273534</td>\n",
       "      <td>0.602339</td>\n",
       "      <td>-0.376955</td>\n",
       "    </tr>\n",
       "    <tr>\n",
       "      <th>DIS</th>\n",
       "      <td>-0.377904</td>\n",
       "      <td>0.664408</td>\n",
       "      <td>-0.708027</td>\n",
       "      <td>-0.099176</td>\n",
       "      <td>-0.769230</td>\n",
       "      <td>0.205246</td>\n",
       "      <td>-0.747881</td>\n",
       "      <td>1.000000</td>\n",
       "      <td>-0.494588</td>\n",
       "      <td>-0.534432</td>\n",
       "      <td>-0.232471</td>\n",
       "      <td>0.291512</td>\n",
       "      <td>-0.496996</td>\n",
       "      <td>0.249929</td>\n",
       "    </tr>\n",
       "    <tr>\n",
       "      <th>RAD</th>\n",
       "      <td>0.622029</td>\n",
       "      <td>-0.311948</td>\n",
       "      <td>0.595129</td>\n",
       "      <td>-0.007368</td>\n",
       "      <td>0.611441</td>\n",
       "      <td>-0.209847</td>\n",
       "      <td>0.456022</td>\n",
       "      <td>-0.494588</td>\n",
       "      <td>1.000000</td>\n",
       "      <td>0.910228</td>\n",
       "      <td>0.464741</td>\n",
       "      <td>-0.444413</td>\n",
       "      <td>0.488676</td>\n",
       "      <td>-0.381626</td>\n",
       "    </tr>\n",
       "    <tr>\n",
       "      <th>TAX</th>\n",
       "      <td>0.579564</td>\n",
       "      <td>-0.314563</td>\n",
       "      <td>0.720760</td>\n",
       "      <td>-0.035587</td>\n",
       "      <td>0.668023</td>\n",
       "      <td>-0.292048</td>\n",
       "      <td>0.506456</td>\n",
       "      <td>-0.534432</td>\n",
       "      <td>0.910228</td>\n",
       "      <td>1.000000</td>\n",
       "      <td>0.460853</td>\n",
       "      <td>-0.441808</td>\n",
       "      <td>0.543993</td>\n",
       "      <td>-0.468536</td>\n",
       "    </tr>\n",
       "    <tr>\n",
       "      <th>PTRATIO</th>\n",
       "      <td>0.288250</td>\n",
       "      <td>-0.391679</td>\n",
       "      <td>0.383248</td>\n",
       "      <td>-0.121515</td>\n",
       "      <td>0.188933</td>\n",
       "      <td>-0.355501</td>\n",
       "      <td>0.261515</td>\n",
       "      <td>-0.232471</td>\n",
       "      <td>0.464741</td>\n",
       "      <td>0.460853</td>\n",
       "      <td>1.000000</td>\n",
       "      <td>-0.177383</td>\n",
       "      <td>0.374044</td>\n",
       "      <td>-0.507787</td>\n",
       "    </tr>\n",
       "    <tr>\n",
       "      <th>B</th>\n",
       "      <td>-0.377365</td>\n",
       "      <td>0.175520</td>\n",
       "      <td>-0.356977</td>\n",
       "      <td>0.048788</td>\n",
       "      <td>-0.380051</td>\n",
       "      <td>0.128069</td>\n",
       "      <td>-0.273534</td>\n",
       "      <td>0.291512</td>\n",
       "      <td>-0.444413</td>\n",
       "      <td>-0.441808</td>\n",
       "      <td>-0.177383</td>\n",
       "      <td>1.000000</td>\n",
       "      <td>-0.366087</td>\n",
       "      <td>0.333461</td>\n",
       "    </tr>\n",
       "    <tr>\n",
       "      <th>LSTAT</th>\n",
       "      <td>0.452220</td>\n",
       "      <td>-0.412995</td>\n",
       "      <td>0.603800</td>\n",
       "      <td>-0.053929</td>\n",
       "      <td>0.590879</td>\n",
       "      <td>-0.613808</td>\n",
       "      <td>0.602339</td>\n",
       "      <td>-0.496996</td>\n",
       "      <td>0.488676</td>\n",
       "      <td>0.543993</td>\n",
       "      <td>0.374044</td>\n",
       "      <td>-0.366087</td>\n",
       "      <td>1.000000</td>\n",
       "      <td>-0.737663</td>\n",
       "    </tr>\n",
       "    <tr>\n",
       "      <th>target</th>\n",
       "      <td>-0.385832</td>\n",
       "      <td>0.360445</td>\n",
       "      <td>-0.483725</td>\n",
       "      <td>0.175260</td>\n",
       "      <td>-0.427321</td>\n",
       "      <td>0.695360</td>\n",
       "      <td>-0.376955</td>\n",
       "      <td>0.249929</td>\n",
       "      <td>-0.381626</td>\n",
       "      <td>-0.468536</td>\n",
       "      <td>-0.507787</td>\n",
       "      <td>0.333461</td>\n",
       "      <td>-0.737663</td>\n",
       "      <td>1.000000</td>\n",
       "    </tr>\n",
       "  </tbody>\n",
       "</table>\n",
       "</div>"
      ],
      "text/plain": [
       "             CRIM        ZN     INDUS      CHAS       NOX        RM       AGE  \\\n",
       "CRIM     1.000000 -0.199458  0.404471 -0.055295  0.417521 -0.219940  0.350784   \n",
       "ZN      -0.199458  1.000000 -0.533828 -0.042697 -0.516604  0.311991 -0.569537   \n",
       "INDUS    0.404471 -0.533828  1.000000  0.062938  0.763651 -0.391676  0.644779   \n",
       "CHAS    -0.055295 -0.042697  0.062938  1.000000  0.091203  0.091251  0.086518   \n",
       "NOX      0.417521 -0.516604  0.763651  0.091203  1.000000 -0.302188  0.731470   \n",
       "RM      -0.219940  0.311991 -0.391676  0.091251 -0.302188  1.000000 -0.240265   \n",
       "AGE      0.350784 -0.569537  0.644779  0.086518  0.731470 -0.240265  1.000000   \n",
       "DIS     -0.377904  0.664408 -0.708027 -0.099176 -0.769230  0.205246 -0.747881   \n",
       "RAD      0.622029 -0.311948  0.595129 -0.007368  0.611441 -0.209847  0.456022   \n",
       "TAX      0.579564 -0.314563  0.720760 -0.035587  0.668023 -0.292048  0.506456   \n",
       "PTRATIO  0.288250 -0.391679  0.383248 -0.121515  0.188933 -0.355501  0.261515   \n",
       "B       -0.377365  0.175520 -0.356977  0.048788 -0.380051  0.128069 -0.273534   \n",
       "LSTAT    0.452220 -0.412995  0.603800 -0.053929  0.590879 -0.613808  0.602339   \n",
       "target  -0.385832  0.360445 -0.483725  0.175260 -0.427321  0.695360 -0.376955   \n",
       "\n",
       "              DIS       RAD       TAX   PTRATIO         B     LSTAT    target  \n",
       "CRIM    -0.377904  0.622029  0.579564  0.288250 -0.377365  0.452220 -0.385832  \n",
       "ZN       0.664408 -0.311948 -0.314563 -0.391679  0.175520 -0.412995  0.360445  \n",
       "INDUS   -0.708027  0.595129  0.720760  0.383248 -0.356977  0.603800 -0.483725  \n",
       "CHAS    -0.099176 -0.007368 -0.035587 -0.121515  0.048788 -0.053929  0.175260  \n",
       "NOX     -0.769230  0.611441  0.668023  0.188933 -0.380051  0.590879 -0.427321  \n",
       "RM       0.205246 -0.209847 -0.292048 -0.355501  0.128069 -0.613808  0.695360  \n",
       "AGE     -0.747881  0.456022  0.506456  0.261515 -0.273534  0.602339 -0.376955  \n",
       "DIS      1.000000 -0.494588 -0.534432 -0.232471  0.291512 -0.496996  0.249929  \n",
       "RAD     -0.494588  1.000000  0.910228  0.464741 -0.444413  0.488676 -0.381626  \n",
       "TAX     -0.534432  0.910228  1.000000  0.460853 -0.441808  0.543993 -0.468536  \n",
       "PTRATIO -0.232471  0.464741  0.460853  1.000000 -0.177383  0.374044 -0.507787  \n",
       "B        0.291512 -0.444413 -0.441808 -0.177383  1.000000 -0.366087  0.333461  \n",
       "LSTAT   -0.496996  0.488676  0.543993  0.374044 -0.366087  1.000000 -0.737663  \n",
       "target   0.249929 -0.381626 -0.468536 -0.507787  0.333461 -0.737663  1.000000  "
      ]
     },
     "execution_count": 15,
     "metadata": {},
     "output_type": "execute_result"
    }
   ],
   "source": [
    "df.corr(method='pearson')"
   ]
  },
  {
   "cell_type": "code",
   "execution_count": 16,
   "metadata": {
    "collapsed": false
   },
   "outputs": [
    {
     "data": {
      "text/html": [
       "<div>\n",
       "<table border=\"1\" class=\"dataframe\">\n",
       "  <thead>\n",
       "    <tr style=\"text-align: right;\">\n",
       "      <th></th>\n",
       "      <th>CRIM</th>\n",
       "      <th>ZN</th>\n",
       "      <th>INDUS</th>\n",
       "      <th>CHAS</th>\n",
       "      <th>NOX</th>\n",
       "      <th>RM</th>\n",
       "      <th>AGE</th>\n",
       "      <th>DIS</th>\n",
       "      <th>RAD</th>\n",
       "      <th>TAX</th>\n",
       "      <th>PTRATIO</th>\n",
       "      <th>B</th>\n",
       "      <th>LSTAT</th>\n",
       "      <th>target</th>\n",
       "    </tr>\n",
       "  </thead>\n",
       "  <tbody>\n",
       "    <tr>\n",
       "      <th>CRIM</th>\n",
       "      <td>1.000000</td>\n",
       "      <td>-0.461987</td>\n",
       "      <td>0.521177</td>\n",
       "      <td>0.034602</td>\n",
       "      <td>0.602035</td>\n",
       "      <td>-0.213002</td>\n",
       "      <td>0.496920</td>\n",
       "      <td>-0.539252</td>\n",
       "      <td>0.562966</td>\n",
       "      <td>0.544007</td>\n",
       "      <td>0.312570</td>\n",
       "      <td>-0.262379</td>\n",
       "      <td>0.453083</td>\n",
       "      <td>-0.402033</td>\n",
       "    </tr>\n",
       "    <tr>\n",
       "      <th>ZN</th>\n",
       "      <td>-0.461987</td>\n",
       "      <td>1.000000</td>\n",
       "      <td>-0.535468</td>\n",
       "      <td>-0.039419</td>\n",
       "      <td>-0.511464</td>\n",
       "      <td>0.278134</td>\n",
       "      <td>-0.429389</td>\n",
       "      <td>0.478524</td>\n",
       "      <td>-0.234663</td>\n",
       "      <td>-0.289911</td>\n",
       "      <td>-0.361607</td>\n",
       "      <td>0.128177</td>\n",
       "      <td>-0.386818</td>\n",
       "      <td>0.339989</td>\n",
       "    </tr>\n",
       "    <tr>\n",
       "      <th>INDUS</th>\n",
       "      <td>0.521177</td>\n",
       "      <td>-0.535468</td>\n",
       "      <td>1.000000</td>\n",
       "      <td>0.075889</td>\n",
       "      <td>0.612030</td>\n",
       "      <td>-0.291318</td>\n",
       "      <td>0.489070</td>\n",
       "      <td>-0.565137</td>\n",
       "      <td>0.353967</td>\n",
       "      <td>0.483228</td>\n",
       "      <td>0.336612</td>\n",
       "      <td>-0.192017</td>\n",
       "      <td>0.465980</td>\n",
       "      <td>-0.418430</td>\n",
       "    </tr>\n",
       "    <tr>\n",
       "      <th>CHAS</th>\n",
       "      <td>0.034602</td>\n",
       "      <td>-0.039419</td>\n",
       "      <td>0.075889</td>\n",
       "      <td>1.000000</td>\n",
       "      <td>0.056387</td>\n",
       "      <td>0.048080</td>\n",
       "      <td>0.055616</td>\n",
       "      <td>-0.065619</td>\n",
       "      <td>0.021739</td>\n",
       "      <td>-0.037655</td>\n",
       "      <td>-0.115694</td>\n",
       "      <td>-0.033277</td>\n",
       "      <td>-0.041344</td>\n",
       "      <td>0.115202</td>\n",
       "    </tr>\n",
       "    <tr>\n",
       "      <th>NOX</th>\n",
       "      <td>0.602035</td>\n",
       "      <td>-0.511464</td>\n",
       "      <td>0.612030</td>\n",
       "      <td>0.056387</td>\n",
       "      <td>1.000000</td>\n",
       "      <td>-0.215633</td>\n",
       "      <td>0.589608</td>\n",
       "      <td>-0.683930</td>\n",
       "      <td>0.434828</td>\n",
       "      <td>0.453258</td>\n",
       "      <td>0.278678</td>\n",
       "      <td>-0.202430</td>\n",
       "      <td>0.452005</td>\n",
       "      <td>-0.394995</td>\n",
       "    </tr>\n",
       "    <tr>\n",
       "      <th>RM</th>\n",
       "      <td>-0.213002</td>\n",
       "      <td>0.278134</td>\n",
       "      <td>-0.291318</td>\n",
       "      <td>0.048080</td>\n",
       "      <td>-0.215633</td>\n",
       "      <td>1.000000</td>\n",
       "      <td>-0.187611</td>\n",
       "      <td>0.179801</td>\n",
       "      <td>-0.076569</td>\n",
       "      <td>-0.190532</td>\n",
       "      <td>-0.223194</td>\n",
       "      <td>0.032951</td>\n",
       "      <td>-0.468231</td>\n",
       "      <td>0.482829</td>\n",
       "    </tr>\n",
       "    <tr>\n",
       "      <th>AGE</th>\n",
       "      <td>0.496920</td>\n",
       "      <td>-0.429389</td>\n",
       "      <td>0.489070</td>\n",
       "      <td>0.055616</td>\n",
       "      <td>0.589608</td>\n",
       "      <td>-0.187611</td>\n",
       "      <td>1.000000</td>\n",
       "      <td>-0.609836</td>\n",
       "      <td>0.306201</td>\n",
       "      <td>0.360311</td>\n",
       "      <td>0.251857</td>\n",
       "      <td>-0.154056</td>\n",
       "      <td>0.485359</td>\n",
       "      <td>-0.387758</td>\n",
       "    </tr>\n",
       "    <tr>\n",
       "      <th>DIS</th>\n",
       "      <td>-0.539252</td>\n",
       "      <td>0.478524</td>\n",
       "      <td>-0.565137</td>\n",
       "      <td>-0.065619</td>\n",
       "      <td>-0.683930</td>\n",
       "      <td>0.179801</td>\n",
       "      <td>-0.609836</td>\n",
       "      <td>1.000000</td>\n",
       "      <td>-0.361892</td>\n",
       "      <td>-0.381988</td>\n",
       "      <td>-0.223486</td>\n",
       "      <td>0.168631</td>\n",
       "      <td>-0.409347</td>\n",
       "      <td>0.313115</td>\n",
       "    </tr>\n",
       "    <tr>\n",
       "      <th>RAD</th>\n",
       "      <td>0.562966</td>\n",
       "      <td>-0.234663</td>\n",
       "      <td>0.353967</td>\n",
       "      <td>0.021739</td>\n",
       "      <td>0.434828</td>\n",
       "      <td>-0.076569</td>\n",
       "      <td>0.306201</td>\n",
       "      <td>-0.361892</td>\n",
       "      <td>1.000000</td>\n",
       "      <td>0.558107</td>\n",
       "      <td>0.251913</td>\n",
       "      <td>-0.214364</td>\n",
       "      <td>0.287943</td>\n",
       "      <td>-0.248115</td>\n",
       "    </tr>\n",
       "    <tr>\n",
       "      <th>TAX</th>\n",
       "      <td>0.544007</td>\n",
       "      <td>-0.289911</td>\n",
       "      <td>0.483228</td>\n",
       "      <td>-0.037655</td>\n",
       "      <td>0.453258</td>\n",
       "      <td>-0.190532</td>\n",
       "      <td>0.360311</td>\n",
       "      <td>-0.381988</td>\n",
       "      <td>0.558107</td>\n",
       "      <td>1.000000</td>\n",
       "      <td>0.287769</td>\n",
       "      <td>-0.241606</td>\n",
       "      <td>0.384191</td>\n",
       "      <td>-0.414650</td>\n",
       "    </tr>\n",
       "    <tr>\n",
       "      <th>PTRATIO</th>\n",
       "      <td>0.312570</td>\n",
       "      <td>-0.361607</td>\n",
       "      <td>0.336612</td>\n",
       "      <td>-0.115694</td>\n",
       "      <td>0.278678</td>\n",
       "      <td>-0.223194</td>\n",
       "      <td>0.251857</td>\n",
       "      <td>-0.223486</td>\n",
       "      <td>0.251913</td>\n",
       "      <td>0.287769</td>\n",
       "      <td>1.000000</td>\n",
       "      <td>-0.042152</td>\n",
       "      <td>0.330335</td>\n",
       "      <td>-0.398789</td>\n",
       "    </tr>\n",
       "    <tr>\n",
       "      <th>B</th>\n",
       "      <td>-0.262379</td>\n",
       "      <td>0.128177</td>\n",
       "      <td>-0.192017</td>\n",
       "      <td>-0.033277</td>\n",
       "      <td>-0.202430</td>\n",
       "      <td>0.032951</td>\n",
       "      <td>-0.154056</td>\n",
       "      <td>0.168631</td>\n",
       "      <td>-0.214364</td>\n",
       "      <td>-0.241606</td>\n",
       "      <td>-0.042152</td>\n",
       "      <td>1.000000</td>\n",
       "      <td>-0.145430</td>\n",
       "      <td>0.126955</td>\n",
       "    </tr>\n",
       "    <tr>\n",
       "      <th>LSTAT</th>\n",
       "      <td>0.453083</td>\n",
       "      <td>-0.386818</td>\n",
       "      <td>0.465980</td>\n",
       "      <td>-0.041344</td>\n",
       "      <td>0.452005</td>\n",
       "      <td>-0.468231</td>\n",
       "      <td>0.485359</td>\n",
       "      <td>-0.409347</td>\n",
       "      <td>0.287943</td>\n",
       "      <td>0.384191</td>\n",
       "      <td>0.330335</td>\n",
       "      <td>-0.145430</td>\n",
       "      <td>1.000000</td>\n",
       "      <td>-0.668656</td>\n",
       "    </tr>\n",
       "    <tr>\n",
       "      <th>target</th>\n",
       "      <td>-0.402033</td>\n",
       "      <td>0.339989</td>\n",
       "      <td>-0.418430</td>\n",
       "      <td>0.115202</td>\n",
       "      <td>-0.394995</td>\n",
       "      <td>0.482829</td>\n",
       "      <td>-0.387758</td>\n",
       "      <td>0.313115</td>\n",
       "      <td>-0.248115</td>\n",
       "      <td>-0.414650</td>\n",
       "      <td>-0.398789</td>\n",
       "      <td>0.126955</td>\n",
       "      <td>-0.668656</td>\n",
       "      <td>1.000000</td>\n",
       "    </tr>\n",
       "  </tbody>\n",
       "</table>\n",
       "</div>"
      ],
      "text/plain": [
       "             CRIM        ZN     INDUS      CHAS       NOX        RM       AGE  \\\n",
       "CRIM     1.000000 -0.461987  0.521177  0.034602  0.602035 -0.213002  0.496920   \n",
       "ZN      -0.461987  1.000000 -0.535468 -0.039419 -0.511464  0.278134 -0.429389   \n",
       "INDUS    0.521177 -0.535468  1.000000  0.075889  0.612030 -0.291318  0.489070   \n",
       "CHAS     0.034602 -0.039419  0.075889  1.000000  0.056387  0.048080  0.055616   \n",
       "NOX      0.602035 -0.511464  0.612030  0.056387  1.000000 -0.215633  0.589608   \n",
       "RM      -0.213002  0.278134 -0.291318  0.048080 -0.215633  1.000000 -0.187611   \n",
       "AGE      0.496920 -0.429389  0.489070  0.055616  0.589608 -0.187611  1.000000   \n",
       "DIS     -0.539252  0.478524 -0.565137 -0.065619 -0.683930  0.179801 -0.609836   \n",
       "RAD      0.562966 -0.234663  0.353967  0.021739  0.434828 -0.076569  0.306201   \n",
       "TAX      0.544007 -0.289911  0.483228 -0.037655  0.453258 -0.190532  0.360311   \n",
       "PTRATIO  0.312570 -0.361607  0.336612 -0.115694  0.278678 -0.223194  0.251857   \n",
       "B       -0.262379  0.128177 -0.192017 -0.033277 -0.202430  0.032951 -0.154056   \n",
       "LSTAT    0.453083 -0.386818  0.465980 -0.041344  0.452005 -0.468231  0.485359   \n",
       "target  -0.402033  0.339989 -0.418430  0.115202 -0.394995  0.482829 -0.387758   \n",
       "\n",
       "              DIS       RAD       TAX   PTRATIO         B     LSTAT    target  \n",
       "CRIM    -0.539252  0.562966  0.544007  0.312570 -0.262379  0.453083 -0.402033  \n",
       "ZN       0.478524 -0.234663 -0.289911 -0.361607  0.128177 -0.386818  0.339989  \n",
       "INDUS   -0.565137  0.353967  0.483228  0.336612 -0.192017  0.465980 -0.418430  \n",
       "CHAS    -0.065619  0.021739 -0.037655 -0.115694 -0.033277 -0.041344  0.115202  \n",
       "NOX     -0.683930  0.434828  0.453258  0.278678 -0.202430  0.452005 -0.394995  \n",
       "RM       0.179801 -0.076569 -0.190532 -0.223194  0.032951 -0.468231  0.482829  \n",
       "AGE     -0.609836  0.306201  0.360311  0.251857 -0.154056  0.485359 -0.387758  \n",
       "DIS      1.000000 -0.361892 -0.381988 -0.223486  0.168631 -0.409347  0.313115  \n",
       "RAD     -0.361892  1.000000  0.558107  0.251913 -0.214364  0.287943 -0.248115  \n",
       "TAX     -0.381988  0.558107  1.000000  0.287769 -0.241606  0.384191 -0.414650  \n",
       "PTRATIO -0.223486  0.251913  0.287769  1.000000 -0.042152  0.330335 -0.398789  \n",
       "B        0.168631 -0.214364 -0.241606 -0.042152  1.000000 -0.145430  0.126955  \n",
       "LSTAT   -0.409347  0.287943  0.384191  0.330335 -0.145430  1.000000 -0.668656  \n",
       "target   0.313115 -0.248115 -0.414650 -0.398789  0.126955 -0.668656  1.000000  "
      ]
     },
     "execution_count": 16,
     "metadata": {},
     "output_type": "execute_result"
    }
   ],
   "source": [
    "df.corr(method='kendall')"
   ]
  },
  {
   "cell_type": "code",
   "execution_count": 17,
   "metadata": {
    "collapsed": false,
    "scrolled": true
   },
   "outputs": [
    {
     "data": {
      "text/html": [
       "<div>\n",
       "<table border=\"1\" class=\"dataframe\">\n",
       "  <thead>\n",
       "    <tr style=\"text-align: right;\">\n",
       "      <th></th>\n",
       "      <th>CRIM</th>\n",
       "      <th>ZN</th>\n",
       "      <th>INDUS</th>\n",
       "      <th>CHAS</th>\n",
       "      <th>NOX</th>\n",
       "      <th>RM</th>\n",
       "      <th>AGE</th>\n",
       "      <th>DIS</th>\n",
       "      <th>RAD</th>\n",
       "      <th>TAX</th>\n",
       "      <th>PTRATIO</th>\n",
       "      <th>B</th>\n",
       "      <th>LSTAT</th>\n",
       "      <th>target</th>\n",
       "    </tr>\n",
       "  </thead>\n",
       "  <tbody>\n",
       "    <tr>\n",
       "      <th>CRIM</th>\n",
       "      <td>1.000000</td>\n",
       "      <td>-0.571586</td>\n",
       "      <td>0.735409</td>\n",
       "      <td>0.042337</td>\n",
       "      <td>0.820355</td>\n",
       "      <td>-0.310738</td>\n",
       "      <td>0.703673</td>\n",
       "      <td>-0.744381</td>\n",
       "      <td>0.726496</td>\n",
       "      <td>0.728157</td>\n",
       "      <td>0.464386</td>\n",
       "      <td>-0.358463</td>\n",
       "      <td>0.632969</td>\n",
       "      <td>-0.557032</td>\n",
       "    </tr>\n",
       "    <tr>\n",
       "      <th>ZN</th>\n",
       "      <td>-0.571586</td>\n",
       "      <td>1.000000</td>\n",
       "      <td>-0.642811</td>\n",
       "      <td>-0.041937</td>\n",
       "      <td>-0.634828</td>\n",
       "      <td>0.361074</td>\n",
       "      <td>-0.544423</td>\n",
       "      <td>0.614627</td>\n",
       "      <td>-0.278767</td>\n",
       "      <td>-0.371394</td>\n",
       "      <td>-0.448475</td>\n",
       "      <td>0.163135</td>\n",
       "      <td>-0.490074</td>\n",
       "      <td>0.438179</td>\n",
       "    </tr>\n",
       "    <tr>\n",
       "      <th>INDUS</th>\n",
       "      <td>0.735409</td>\n",
       "      <td>-0.642811</td>\n",
       "      <td>1.000000</td>\n",
       "      <td>0.089841</td>\n",
       "      <td>0.791189</td>\n",
       "      <td>-0.415301</td>\n",
       "      <td>0.679487</td>\n",
       "      <td>-0.757080</td>\n",
       "      <td>0.455507</td>\n",
